@0
b7
40
00
00
37
61
00
00
93
01
00
10
23
a0
30
00
93
01
10
10
23
a2
30
00
93
01
00
20
23
20
31
00
93
01
10
20
23
22
31
00
83
a1
00
00
13
02
00
10
13
0e
10
00
63
1c
32
06
83
a1
40
00
13
02
10
10
13
0e
20
00
63
14
32
06
83
a1
00
00
93
81
01
0f
23
a0
30
00
83
a1
40
00
93
81
01
0f
23
a2
30
00
83
21
01
00
13
02
00
20
13
0e
30
00
63
10
32
04
83
21
41
00
13
02
10
20
13
0e
40
00
63
18
32
02
83
a1
00
00
13
02
00
1f
13
0e
50
00
63
10
32
02
83
a1
40
00
13
02
10
1f
13
0e
60
00
63
18
32
00
6f
00
00
01
63
16
c0
01
13
0e
10
00
6f
00
c0
00
13
0e
00
00
6f
00
40
00
73
25
00
c0
f3
25
20
c0
13
16
05
01
13
56
06
01
b7
06
02
00
b3
66
d6
00
73
90
06
34
13
56
05
01
b7
06
03
00
b3
66
d6
00
73
90
06
34
37
06
01
00
13
06
a6
00
73
10
06
34
13
96
05
01
13
56
06
01
b7
01
02
00
b3
61
36
00
73
90
01
34
13
d6
05
01
b7
01
03
00
b3
61
36
00
73
90
01
34
37
06
01
00
13
06
a6
00
73
10
06
34
73
10
0e
34
6f
00
00
00
00
00
00
00
00
00
00
00
00
00
00
00
00
00
00
00
00
00
00
00
00
00
00
00
00
00
00
00
